<?xml version="1.0"?>
<opencv_storage>
<calibration_time>"Ср 20 апр 2022 10:18:16"</calibration_time>
<image_width>640</image_width>
<image_height>480</image_height>
<flags>0</flags>
<camera_matrix type_id="opencv-matrix">
  <rows>3</rows>
  <cols>3</cols>
  <dt>d</dt>
  <data>
    4.9299890316890475e+02 0. 3.1102373342578517e+02 0.
    4.9650168220348598e+02 2.4891125576752407e+02 0. 0. 1.</data></camera_matrix>
<distortion_coefficients type_id="opencv-matrix">
  <rows>1</rows>
  <cols>5</cols>
  <dt>d</dt>
  <data>
    2.4127951112410342e-01 -8.9439201946745206e-01
    -1.0826952482009095e-02 5.2655796334479792e-03
    1.7516092661475489e+00</data></distortion_coefficients>
<avg_reprojection_error>4.5395690659322885e-01</avg_reprojection_error>
</opencv_storage>
